# UTC Date/Time   Azimuth and AZ_Velocity   Elevation and EL_Velocity
2018.122.16:28:00 224 02 09.1 -0.0 067 31 09.9 -0.0
2018.122.16:29:00 222 56 53.7 -0.0 067 13 36.7 -0.0
2018.122.16:30:00 221 53 25.7 -0.0 066 55 28.7 -0.0
2018.122.16:31:00 220 51 44.1 -0.0 066 36 47.3 -0.0
2018.122.16:32:00 219 51 48.0 -0.0 066 17 33.9 -0.0
2018.122.16:33:00 218 53 35.9 -0.0 065 57 49.8 -0.0
2018.122.16:34:00 217 57 06.4 -0.0 065 37 36.3 -0.0
2018.122.16:35:00 217 02 17.5 -0.0 065 16 54.6 -0.0
2018.122.16:36:00 216 09 07.3 -0.0 064 55 46.0 -0.0
2018.122.16:37:00 215 17 33.8 -0.0 064 34 11.6 -0.0
2018.122.16:38:00 214 27 34.8 -0.0 064 12 12.6 -0.0
2018.122.16:39:00 213 39 07.8 -0.0 063 49 50.1 -0.0
2018.122.16:40:00 212 52 10.5 -0.0 063 27 05.2 -0.0
2018.122.16:41:00 212 06 40.6 -0.0 063 03 58.8 -0.0
2018.122.16:42:00 211 22 35.5 -0.0 062 40 32.0 -0.0
2018.122.16:43:00 210 39 52.9 -0.0 062 16 45.7 -0.0
2018.122.16:44:00 209 58 30.1 -0.0 061 52 40.9 -0.0
2018.122.16:45:00 209 18 24.9 -0.0 061 28 18.4 -0.0
2018.122.16:46:00 208 39 34.6 -0.0 061 03 39.0 -0.0
2018.122.16:47:00 208 01 57.0 -0.0 060 38 43.6 -0.0
2018.122.16:48:00 207 25 29.6 -0.0 060 13 33.0 -0.0
2018.122.16:49:00 206 50 10.1 -0.0 059 48 07.8 -0.0
2018.122.16:50:00 206 15 56.2 -0.0 059 22 28.9 -0.0
2018.122.16:51:00 205 42 45.7 -0.0 058 56 36.8 -0.0
2018.122.16:52:00 205 10 36.4 -0.0 058 30 32.3 -0.0
2018.122.16:53:00 204 39 26.1 -0.0 058 04 15.9 -0.0
2018.122.16:54:00 204 09 12.8 -0.0 057 37 48.4 -0.0
2018.122.16:55:00 203 39 54.5 -0.0 057 11 10.2 -0.0
2018.122.16:56:00 203 11 29.2 -0.0 056 44 21.9 -0.0
2018.122.16:57:00 202 43 55.1 -0.0 056 17 24.0 -0.0
2018.122.16:58:00 202 17 10.2 -0.0 055 50 17.1 -0.0
2018.122.16:59:00 201 51 12.8 -0.0 055 23 01.6 -0.0
2018.122.17:00:00 201 26 01.3 -0.0 054 55 38.0 -0.0
2018.122.17:01:00 201 01 33.8 -0.0 054 28 06.8 -0.0
2018.122.17:02:00 200 37 48.9 -0.0 054 00 28.4 -0.0
2018.122.17:03:00 200 14 44.9 -0.0 053 32 43.1 -0.0
2018.122.17:04:00 199 52 20.5 -0.0 053 04 51.5 -0.0
2018.122.17:05:00 199 30 34.0 -0.0 052 36 53.8 -0.0
2018.122.17:06:00 199 09 24.2 -0.0 052 08 50.5 -0.0
2018.122.17:07:00 198 48 49.8 -0.0 051 40 41.9 -0.0
2018.122.17:08:00 198 28 49.3 -0.0 051 12 28.3 -0.0
2018.122.17:09:00 198 09 21.6 -0.0 050 44 10.1 -0.0
2018.122.17:10:00 197 50 25.4 -0.0 050 15 47.6 -0.0
2018.122.17:11:00 197 31 59.7 -0.0 049 47 21.0 -0.0
2018.122.17:12:00 197 14 03.2 -0.0 049 18 50.7 -0.0
2018.122.17:13:00 196 56 34.9 -0.0 048 50 17.0 -0.0
