# UTC Date/Time   Azimuth and AZ_Velocity   Elevation and EL_Velocity
2018.122.20:50:00 273 26 21.7 -0.0 013 30 48.7 -0.0
2018.122.20:51:00 273 03 27.1 -0.0 013 17 10.5 -0.0
2018.122.20:52:00 272 40 39.0 -0.0 013 03 24.2 -0.0
2018.122.20:53:00 272 17 57.5 -0.0 012 49 29.9 -0.0
2018.122.20:54:00 271 55 22.5 -0.0 012 35 27.9 -0.0
2018.122.20:55:00 271 32 53.9 -0.0 012 21 18.4 -0.0
2018.122.20:56:00 271 10 31.8 -0.0 012 07 01.4 -0.0
2018.122.20:57:00 270 48 16.0 -0.0 011 52 37.3 -0.0
2018.122.20:58:00 270 26 06.6 -0.0 011 38 06.2 -0.0
2018.122.20:59:00 270 04 03.6 -0.0 011 23 28.1 -0.0
2018.122.21:00:00 269 42 06.8 -0.0 011 08 43.5 -0.0
2018.122.21:01:00 269 20 16.2 -0.0 010 53 52.3 -0.0
2018.122.21:02:00 268 58 31.8 -0.0 010 38 54.8 -0.0
2018.122.21:03:00 268 36 53.5 -0.0 010 23 51.1 -0.0
2018.122.21:04:00 268 15 21.3 -0.0 010 08 41.5 -0.0
2018.122.21:05:00 267 53 55.0 -0.0 009 53 26.1 -0.0
2018.122.21:06:00 267 32 34.7 -0.0 009 38 05.0 -0.0
2018.122.21:07:00 267 11 20.3 -0.0 009 22 38.5 -0.0
