# UTC Date/Time   Azimuth and AZ_Velocity   Elevation and EL_Velocity
2018.122.20:35:00 333 25 06.9 0.0 074 52 45.0 0.0
2018.122.20:36:00 334 33 11.6 0.0 075 14 50.9 0.0
2018.122.20:37:00 335 44 00.2 0.0 075 36 46.0 0.0
2018.122.20:38:00 336 57 44.2 0.0 075 58 29.1 0.0
2018.122.20:39:00 338 14 36.0 0.0 076 19 59.0 0.0
2018.122.20:40:00 339 34 49.1 0.0 076 41 14.5 0.0
2018.122.20:41:00 340 58 37.5 0.0 077 02 14.0 0.0
2018.122.20:42:00 342 26 16.5 0.0 077 22 55.9 0.0
2018.122.20:43:00 343 58 02.4 0.0 077 43 18.6 0.0
2018.122.20:44:00 345 34 12.0 0.0 078 03 20.1 0.0
2018.122.20:45:00 347 15 03.4 0.0 078 22 58.3 0.0
2018.122.20:46:00 349 00 55.2 0.0 078 42 10.8 0.0
2018.122.20:47:00 350 52 06.7 0.0 079 00 55.2 0.0
2018.122.20:48:00 352 48 57.3 0.0 079 19 08.6 0.0
2018.122.20:49:00 354 51 46.7 0.0 079 36 48.0 0.0
2018.122.20:50:00 357 00 54.0 0.0 079 53 50.2 0.0
2018.122.20:51:00 359 16 37.1 0.0 080 10 11.5 0.0
2018.122.20:52:00 01 39 12.4 0.0 080 25 48.2 0.0
2018.122.20:53:00 04 08 53.4 0.0 080 40 36.1 0.0
2018.122.20:54:00 06 45 50.1 0.0 080 54 31.0 0.0
2018.122.20:55:00 09 30 07.4 0.0 081 07 28.3 0.0
2018.122.20:56:00 12 21 44.3 0.0 081 19 23.3 0.0
2018.122.20:57:00 15 20 32.2 0.0 081 30 11.4 0.0
2018.122.20:58:00 18 26 13.8 0.0 081 39 47.8 0.0
2018.122.20:59:00 21 38 22.2 0.0 081 48 07.9 0.0
2018.122.21:00:00 24 56 20.2 0.0 081 55 07.5 0.0
2018.122.21:01:00 28 19 20.2 0.0 082 00 42.5 0.0
2018.122.21:02:00 31 46 24.5 0.0 082 04 49.7 0.0
2018.122.21:03:00 35 16 26.8 0.0 082 07 26.4 0.0
2018.122.21:04:00 38 48 14.3 0.0 082 08 30.7 0.0
