# UTC Date/Time   Azimuth and AZ_Velocity   Elevation and EL_Velocity
2018.122.16:45:00 129 56 11.2 -0.0 048 24 42.6 0.0
2018.122.16:46:00 129 22 41.6 -0.0 048 45 34.0 0.0
2018.122.16:47:00 128 48 36.4 -0.0 049 06 09.9 0.0
2018.122.16:48:00 128 13 55.1 -0.0 049 26 30.0 0.0
2018.122.16:49:00 127 38 37.3 -0.0 049 46 33.6 0.0
2018.122.16:50:00 127 02 42.4 -0.0 050 06 20.3 0.0
2018.122.16:51:00 126 26 10.1 -0.0 050 25 49.4 0.0
2018.122.16:52:00 125 49 00.1 -0.0 050 45 00.4 0.0
2018.122.16:53:00 125 11 12.0 -0.0 051 03 52.7 0.0
2018.122.16:54:00 124 32 45.5 -0.0 051 22 25.8 0.0
2018.122.16:55:00 123 53 40.3 -0.0 051 40 39.0 0.0
2018.122.16:56:00 123 13 56.3 -0.0 051 58 31.9 0.0
2018.122.16:57:00 122 33 33.3 -0.0 052 16 03.7 0.0
2018.122.16:58:00 121 52 31.2 -0.0 052 33 13.9 0.0
2018.122.16:59:00 121 10 50.0 -0.0 052 50 01.9 0.0
2018.122.17:00:00 120 28 29.7 -0.0 053 06 27.0 0.0
2018.122.17:01:00 119 45 30.4 -0.0 053 22 28.7 0.0
2018.122.17:02:00 119 01 52.2 -0.0 053 38 06.4 0.0
2018.122.17:03:00 118 17 35.3 -0.0 053 53 19.4 0.0
2018.122.17:04:00 117 32 40.1 -0.0 054 08 07.2 0.0
2018.122.17:05:00 116 47 06.9 -0.0 054 22 29.1 0.0
2018.122.17:06:00 116 00 56.3 -0.0 054 36 24.5 0.0
2018.122.17:07:00 115 14 08.7 -0.0 054 49 52.8 0.0
2018.122.17:08:00 114 26 44.8 -0.0 055 02 53.4 0.0
2018.122.17:09:00 113 38 45.3 -0.0 055 15 25.8 0.0
2018.122.17:10:00 112 50 11.0 -0.0 055 27 29.4 0.0
2018.122.17:11:00 112 01 02.9 -0.0 055 39 03.5 0.0
2018.122.17:12:00 111 11 21.9 -0.0 055 50 07.7 0.0
2018.122.17:13:00 110 21 09.3 -0.0 056 00 41.5 0.0
2018.122.17:14:00 109 30 26.1 -0.0 056 10 44.2 0.0
