# UTC Date/Time   Azimuth and AZ_Velocity   Elevation and EL_Velocity
2018.122.21:05:00 261 54 33.2 0.0 048 32 04.4 0.0
2018.122.21:06:00 262 21 44.2 0.0 048 54 53.7 0.0
2018.122.21:07:00 262 49 10.5 0.0 049 17 41.2 0.0
2018.122.21:08:00 263 16 52.2 0.0 049 40 26.7 0.0
2018.122.21:09:00 263 44 49.9 0.0 050 03 10.4 0.0
2018.122.21:10:00 264 13 03.8 0.0 050 25 52.0 0.0
2018.122.21:11:00 264 41 34.3 0.0 050 48 31.5 0.0
2018.122.21:12:00 265 10 21.8 0.0 051 11 09.0 0.0
2018.122.21:13:00 265 39 26.6 0.0 051 33 44.2 0.0
2018.122.21:14:00 266 08 49.3 0.0 051 56 17.2 0.0
2018.122.21:15:00 266 38 30.0 0.0 052 18 48.0 0.0
2018.122.21:16:00 267 08 29.4 0.0 052 41 16.3 0.0
2018.122.21:17:00 267 38 47.9 0.0 053 03 42.3 0.0
2018.122.21:18:00 268 09 25.9 0.0 053 26 05.7 0.0
2018.122.21:19:00 268 40 23.9 0.0 053 48 26.5 0.0
2018.122.21:20:00 269 11 42.5 0.0 054 10 44.7 0.0
2018.122.21:21:00 269 43 22.0 0.0 054 33 00.2 0.0
2018.122.21:22:00 270 15 23.2 0.0 054 55 12.8 0.0
2018.122.21:23:00 270 47 46.5 0.0 055 17 22.6 0.0
2018.122.21:24:00 271 20 32.5 0.0 055 39 29.4 0.0
2018.122.21:25:00 271 53 41.8 0.0 056 01 33.1 0.0
2018.122.21:26:00 272 27 15.1 0.0 056 23 33.6 0.0
2018.122.21:27:00 273 01 13.0 0.0 056 45 30.8 0.0
2018.122.21:28:00 273 35 36.2 0.0 057 07 24.7 0.0
2018.122.21:29:00 274 10 25.3 0.0 057 29 15.1 0.0
2018.122.21:30:00 274 45 41.2 0.0 057 51 02.0 0.0
2018.122.21:31:00 275 21 24.5 0.0 058 12 45.1 0.0
2018.122.21:32:00 275 57 36.1 0.0 058 34 24.3 0.0
2018.122.21:33:00 276 34 16.8 0.0 058 55 59.7 0.0
2018.122.21:34:00 277 11 27.5 0.0 059 17 30.9 0.0
