# Any comment and/or Header
# Station: Station Name Tracking Orbit for the GPS BIIF-2  (PRN 01)   
#--------------------------------------------------------------------------------------------------
# UTC Date/Time      Azimuth and  AZ_Velocity   Elevation and EL_Velocity
2018.122.18:12:00 141 34 29.4 -0.0 09 06 04.6 0.0
2018.122.18:13:00 141 19 04.9 -0.0 09 27 56.1 0.0
2018.122.18:14:00 141 03 37.9 -0.0 09 49 50.6 0.0
2018.122.18:15:00 140 48 08.0 -0.0 10 11 47.9 0.0
2018.122.18:16:00 140 32 35.2 -0.0 10 33 48.0 0.0
2018.122.18:17:00 140 16 59.3 -0.0 10 55 50.7 0.0
2018.122.18:18:00 140 01 20.2 -0.0 11 17 55.9 0.0
2018.122.18:19:00 139 45 37.6 -0.0 11 40 03.7 0.0
2018.122.18:20:00 139 29 51.3 -0.0 12 02 13.7 0.0
2018.122.18:21:00 139 14 01.3 -0.0 12 24 26.0 0.0
2018.122.18:22:00 138 58 07.4 -0.0 12 46 40.4 0.0
2018.122.18:23:00 138 42 09.2 -0.0 13 08 56.9 0.0
2018.122.18:24:00 138 26 06.8 -0.0 13 31 15.2 0.0
2018.122.18:25:00 138 09 59.9 -0.0 13 53 35.4 0.0
2018.122.18:26:00 137 53 48.2 -0.0 14 15 57.2 0.0
2018.122.18:27:00 137 37 31.7 -0.0 14 38 20.6 0.0
2018.122.18:28:00 137 21 10.1 -0.0 15 00 45.5 0.0
2018.122.18:29:00 137 04 43.3 -0.0 15 23 11.7 0.0
2018.122.18:30:00 136 48 11.0 -0.0 15 45 39.1 0.0
2018.122.18:31:00 136 31 33.1 -0.0 16 08 07.5 0.0
2018.122.18:32:00 136 14 49.2 -0.0 16 30 37.0 0.0
2018.122.18:33:00 135 57 59.4 -0.0 16 53 07.2 0.0
2018.122.18:34:00 135 41 03.3 -0.0 17 15 38.2 0.0
2018.122.18:35:00 135 24 00.7 -0.0 17 38 09.7 0.0
2018.122.18:36:00 135 06 51.4 -0.0 18 00 41.6 0.0
2018.122.18:37:00 134 49 35.3 -0.0 18 23 13.8 0.0
2018.122.18:38:00 134 32 12.0 -0.0 18 45 46.1 0.0
2018.122.18:39:00 134 14 41.4 -0.0 19 08 18.5 0.0
2018.122.18:40:00 133 57 03.3 -0.0 19 30 50.7 0.0
2018.122.18:41:00 133 39 17.4 -0.0 19 53 22.5 0.0
2018.122.18:42:00 133 21 23.6 -0.0 20 15 54.0 0.0
2018.122.18:43:00 133 03 21.5 -0.0 20 38 24.8 0.0
2018.122.18:44:00 132 45 11.0 -0.0 21 00 54.8 0.0
2018.122.18:45:00 132 26 51.8 -0.0 21 23 23.9 0.0
2018.122.18:46:00 132 08 23.7 -0.0 21 45 51.9 0.0
2018.122.18:47:00 131 49 46.5 -0.0 22 08 18.6 0.0
2018.122.18:48:00 131 30 59.8 -0.0 22 30 43.9 0.0
2018.122.18:49:00 131 12 03.6 -0.0 22 53 07.6 0.0
2018.122.18:50:00 130 52 57.4 -0.0 23 15 29.4 0.0
2018.122.18:51:00 130 33 41.2 -0.0 23 37 49.3 0.0
2018.122.18:52:00 130 14 14.6 -0.0 24 00 07.0 0.0
2018.122.18:53:00 129 54 37.4 -0.0 24 22 22.4 0.0
2018.122.18:54:00 129 34 49.3 -0.0 24 44 35.2 0.0
2018.122.18:55:00 129 14 50.1 -0.0 25 06 45.3 0.0
2018.122.18:56:00 128 54 39.6 -0.0 25 28 52.4 0.0
2018.122.18:57:00 128 34 17.4 -0.0 25 50 56.4 0.0
2018.122.18:58:00 128 13 43.3 -0.0 26 12 57.0 0.0
2018.122.18:59:00 127 52 57.0 -0.0 26 34 54.1 0.0
2018.122.19:00:00 127 31 58.4 -0.0 26 56 47.3 0.0
2018.122.19:01:00 127 10 47.1 -0.0 27 18 36.6 0.0
2018.122.19:02:00 126 49 22.9 -0.0 27 40 21.6 0.0
2018.122.19:03:00 126 27 45.4 -0.0 28 02 02.2 0.0
2018.122.19:04:00 126 05 54.5 -0.0 28 23 38.0 0.0
2018.122.19:05:00 125 43 49.9 -0.0 28 45 09.0 0.0
2018.122.19:06:00 125 21 31.3 -0.0 29 06 34.7 0.0
2018.122.19:07:00 124 58 58.4 -0.0 29 27 55.1 0.0
2018.122.19:08:00 124 36 11.0 -0.0 29 49 09.7 0.0
2018.122.19:09:00 124 13 08.8 -0.0 30 10 18.5 0.0
2018.122.19:10:00 123 49 51.6 -0.0 30 31 21.0 0.0
2018.122.19:11:00 123 26 19.1 -0.0 30 52 17.1 0.0
2018.122.19:12:00 123 02 31.0 -0.0 31 13 06.5 0.0
2018.122.19:13:00 122 38 27.1 -0.0 31 33 48.9 0.0
2018.122.19:14:00 122 14 07.1 -0.0 31 54 24.0 0.0
2018.122.19:15:00 121 49 30.8 -0.0 32 14 51.6 0.0
2018.122.19:16:00 121 24 37.9 -0.0 32 35 11.3 0.0
2018.122.19:17:00 120 59 28.1 -0.0 32 55 22.9 0.0
2018.122.19:18:00 120 34 01.3 -0.0 33 15 26.1 0.0
2018.122.19:19:00 120 08 17.2 -0.0 33 35 20.6 0.0
2018.122.19:20:00 119 42 15.6 -0.0 33 55 06.0 0.0
2018.122.19:21:00 119 15 56.2 -0.0 34 14 42.1 0.0
2018.122.19:22:00 118 49 18.8 -0.0 34 34 08.5 0.0
2018.122.19:23:00 118 22 23.2 -0.0 34 53 24.9 0.0
2018.122.19:24:00 117 55 09.2 -0.0 35 12 31.1 0.0
2018.122.19:25:00 117 27 36.6 -0.0 35 31 26.6 0.0
2018.122.19:26:00 116 59 45.2 -0.0 35 50 11.2 0.0
2018.122.19:27:00 116 31 34.8 -0.0 36 08 44.5 0.0
2018.122.19:28:00 116 03 05.3 -0.0 36 27 06.2 0.0
2018.122.19:29:00 115 34 16.5 -0.0 36 45 15.9 0.0
2018.122.19:30:00 115 05 08.3 -0.0 37 03 13.2 0.0
2018.122.19:31:00 114 35 40.4 -0.0 37 20 57.9 0.0
2018.122.19:32:00 114 05 52.9 -0.0 37 38 29.6 0.0
2018.122.19:33:00 113 35 45.6 -0.0 37 55 48.0 0.0
2018.122.19:34:00 113 05 18.3 -0.0 38 12 52.5 0.0
2018.122.19:35:00 112 34 31.0 -0.0 38 29 43.0 0.0
2018.122.19:36:00 112 03 23.8 -0.0 38 46 19.1 0.0
2018.122.19:37:00 111 31 56.4 -0.0 39 02 40.3 0.0
2018.122.19:38:00 111 00 08.9 -0.0 39 18 46.3 0.0
2018.122.19:39:00 110 28 01.2 -0.0 39 34 36.7 0.0
2018.122.19:40:00 109 55 33.5 -0.0 39 50 11.3 0.0
2018.122.19:41:00 109 22 45.7 -0.0 40 05 29.5 0.0
2018.122.19:42:00 108 49 37.8 -0.0 40 20 31.0 0.0
2018.122.19:43:00 108 16 10.0 -0.0 40 35 15.5 0.0
2018.122.19:44:00 107 42 22.4 -0.0 40 49 42.5 0.0
2018.122.19:45:00 107 08 15.0 -0.0 41 03 51.8 0.0
2018.122.19:46:00 106 33 48.1 -0.0 41 17 42.9 0.0
2018.122.19:47:00 105 59 01.8 -0.0 41 31 15.4 0.0
2018.122.19:48:00 105 23 56.3 -0.0 41 44 29.0 0.0
2018.122.19:49:00 104 48 31.8 -0.0 41 57 23.4 0.0
2018.122.19:50:00 104 12 48.6 -0.0 42 09 58.1 0.0
2018.122.19:51:00 103 36 46.9 -0.0 42 22 12.9 0.0
2018.122.19:52:00 103 00 27.2 -0.0 42 34 07.2 0.0
2018.122.19:53:00 102 23 49.7 -0.0 42 45 40.9 0.0
2018.122.19:54:00 101 46 54.8 -0.0 42 56 53.5 0.0
2018.122.19:55:00 101 09 42.8 -0.0 43 07 44.8 0.0
2018.122.19:56:00 100 32 14.4 -0.0 43 18 14.3 0.0
2018.122.19:57:00 99 54 29.8 -0.0 43 28 21.7 0.0
2018.122.19:58:00 99 16 29.6 -0.0 43 38 06.8 0.0
2018.122.19:59:00 98 38 14.3 -0.0 43 47 29.2 0.0
2018.122.20:00:00 97 59 44.5 -0.0 43 56 28.6 0.0
2018.122.20:01:00 97 21 00.8 -0.0 44 05 04.6 0.0
2018.122.20:02:00 96 42 03.7 -0.0 44 13 17.1 0.0
2018.122.20:03:00 96 02 53.9 -0.0 44 21 05.8 0.0
2018.122.20:04:00 95 23 32.0 -0.0 44 28 30.3 0.0
2018.122.20:05:00 94 43 58.9 -0.0 44 35 30.5 0.0
2018.122.20:06:00 94 04 15.1 -0.0 44 42 06.0 0.0
2018.122.20:07:00 93 24 21.5 -0.0 44 48 16.6 0.0
2018.122.20:08:00 92 44 18.8 -0.0 44 54 02.2 0.0
2018.122.20:09:00 92 04 07.9 -0.0 44 59 22.6 0.0
2018.122.20:10:00 91 23 49.5 -0.0 45 04 17.4 0.0
2018.122.20:11:00 91 18 25.5 -0.0 45 04 54.9 0.0
2018.122.20:12:00 91 18 25.5 -0.0 45 04 54.9 0.0
2018.122.20:13:00 90 43 24.4 -0.0 45 08 46.6 0.0
2018.122.20:14:00 90 02 53.7 -0.0 45 12 50.0 0.0
2018.122.20:15:00 89 22 18.0 -0.0 45 16 27.4 0.0
2018.122.20:16:00 88 41 38.4 -0.0 45 19 38.8 0.0
2018.122.20:17:00 88 00 55.8 -0.0 45 22 23.9 0.0
2018.122.20:18:00 87 20 11.0 -0.0 45 24 42.7 0.0
2018.122.20:19:00 86 39 25.0 -0.0 45 26 35.1 0.0
2018.122.20:20:00 85 58 38.8 -0.0 45 28 01.1 0.0
2018.122.20:21:00 85 17 53.3 -0.0 45 29 00.5 0.0
2018.122.20:22:00 84 37 09.5 -0.0 45 29 33.4 0.0
2018.122.20:23:00 83 56 28.3 -0.0 45 29 39.8 0.0
2018.122.20:24:00 83 15 50.7 -0.0 45 29 19.5 -0.0
2018.122.20:25:00 82 35 17.6 -0.0 45 28 32.7 -0.0
2018.122.20:26:00 81 54 50.1 -0.0 45 27 19.4 -0.0
2018.122.20:27:00 81 14 29.1 -0.0 45 25 39.6 -0.0
2018.122.20:28:00 80 34 15.4 -0.0 45 23 33.3 -0.0
2018.122.20:29:00 79 54 10.2 -0.0 45 21 00.8 -0.0
2018.122.20:30:00 79 14 14.2 -0.0 45 18 02.0 -0.0
2018.122.20:31:00 78 34 28.5 -0.0 45 14 37.0 -0.0
2018.122.20:32:00 77 54 53.8 -0.0 45 10 46.1 -0.0
2018.122.20:33:00 77 15 31.2 -0.0 45 06 29.3 -0.0
2018.122.20:34:00 76 36 21.3 -0.0 45 01 46.8 -0.0
2018.122.20:35:00 75 57 25.2 -0.0 44 56 38.8 -0.0
2018.122.20:36:00 75 18 43.7 -0.0 44 51 05.4 -0.0
2018.122.20:37:00 74 40 17.4 -0.0 44 45 06.9 -0.0
2018.122.20:38:00 74 02 07.3 -0.0 44 38 43.4 -0.0
2018.122.20:39:00 73 24 14.1 -0.0 44 31 55.2 -0.0
2018.122.20:40:00 72 46 38.4 -0.0 44 24 42.6 -0.0
2018.122.20:41:00 72 09 21.0 -0.0 44 17 05.7 -0.0
2018.122.20:42:00 71 32 22.6 -0.0 44 09 04.9 -0.0
2018.122.20:43:00 70 55 43.9 -0.0 44 00 40.3 -0.0
2018.122.20:44:00 70 19 25.3 -0.0 43 51 52.4 -0.0
2018.122.20:45:00 69 43 27.6 -0.0 43 42 41.3 -0.0
2018.122.20:46:00 69 07 51.3 -0.0 43 33 07.4 -0.0
2018.122.20:47:00 68 32 36.9 -0.0 43 23 10.9 -0.0
2018.122.20:48:00 67 57 44.9 -0.0 43 12 52.2 -0.0
2018.122.20:49:00 67 23 15.8 -0.0 43 02 11.6 -0.0
2018.122.20:50:00 66 49 10.1 -0.0 42 51 09.5 -0.0
2018.122.20:51:00 66 15 28.0 -0.0 42 39 46.0 -0.0
2018.122.20:52:00 65 42 10.1 -0.0 42 28 01.7 -0.0
2018.122.20:53:00 65 09 16.6 -0.0 42 15 56.8 -0.0
2018.122.20:54:00 64 36 47.9 -0.0 42 03 31.7 -0.0
2018.122.20:55:00 64 04 44.3 -0.0 41 50 46.6 -0.0
2018.122.20:56:00 63 33 06.0 -0.0 41 37 42.1 -0.0
2018.122.20:57:00 63 01 53.3 -0.0 41 24 18.4 -0.0
2018.122.20:58:00 62 31 06.4 -0.0 41 10 35.8 -0.0
2018.122.20:59:00 62 00 45.5 -0.0 40 56 34.8 -0.0
2018.122.21:00:00 61 30 50.7 -0.0 40 42 15.6 -0.0
2018.122.21:01:00 61 01 22.2 -0.0 40 27 38.7 -0.0
